13.45479   0.06524
13.88681   0.06530
14.33270   0.06663
14.79291   0.06930
15.26789   0.07070
15.75812   0.07077
16.26410   0.07221
16.78632   0.07367
17.32531   0.07517
17.88160   0.07669
18.45576   0.07677
19.04835   0.07832
19.65997   0.08146
20.29123   0.08312
20.94276   0.08480
21.61520   0.08653
22.30924   0.08661
23.02557   0.09007
23.76489   0.09016
24.52795   0.09024
25.31552   0.09207
26.12837   0.09394
26.96732   0.09403
27.83321   0.09780
28.72690   0.09978
29.64929   0.10378
30.60129   0.10589
31.58386   0.10397
32.59798   0.10016
33.64467   0.09834
34.72496   0.10228
35.83993   0.10238
36.99071   0.10247
38.17844   0.10257
39.40431   0.10267
40.66953   0.10081
41.97538   0.09899
43.32316   0.09908
44.71422   0.09917
46.14994   0.09553
47.63176   0.09380
49.16116   0.09036
50.73966   0.08539
52.36886   0.08069
54.05036   0.07773
55.78585   0.07632
57.57707   0.07352
59.42580   0.07219
61.33389   0.06954
63.30325   0.06828
65.33585   0.06705
67.43370   0.06459
69.59892   0.06342
71.83366   0.06109
74.14015   0.05998
76.52071   0.05890
78.97770   0.05674
81.51358   0.05465
84.13088   0.05367
86.83222   0.05169
89.62030   0.05076
92.49791   0.04984
95.46791   0.04894
98.53327   0.04714
101.69706   0.04629
104.96243   0.04459
108.33265   0.04295
111.81108   0.04138
115.40120   0.03986
119.10660   0.03767
122.93097   0.03628
126.87814   0.03495
130.95205   0.03303
135.15677   0.03243
139.49649   0.03124
143.97556   0.03009
148.59844   0.02955
153.36976   0.02792
158.29429   0.02742
163.37693   0.02591
168.62277   0.02448
174.03705   0.02358
179.62517   0.02229
185.39273   0.02106
191.34547   0.02029
197.48935   0.01954
203.83050   0.01919
210.37525   0.01779
217.13016   0.01681
224.10195   0.01619
231.29760   0.01530
238.72429   0.01446
246.38945   0.01393
254.30072   0.01316
262.46602   0.01220
270.89349   0.01198
279.59156   0.01132
288.56892   0.01070
297.83453   0.01011
307.39764   0.00956
317.26782   0.00886
327.45492   0.00837
337.96911   0.00776
348.82090   0.00762
360.02113   0.00720
371.58098   0.00668
383.51201   0.00619
395.82613   0.00585
408.53564   0.00542
421.65324   0.00512
435.19202   0.00484
449.16553   0.00457
463.58770   0.00432
478.47296   0.00401
493.83616   0.00372
509.69266   0.00351
526.05829   0.00325
542.94940   0.00308
560.38287   0.00291
578.37610   0.00269
596.94708   0.00250
616.11434   0.00232
635.89705   0.00215
656.31495   0.00199
677.38845   0.00188
699.13860   0.00178
721.58712   0.00165
744.75643   0.00153
768.66968   0.00139
793.35076   0.00129
818.82432   0.00124
845.11580   0.00113
872.25147   0.00105
900.25844   0.00097
929.16468   0.00090
958.99906   0.00082
974.27358   0.00073
989.79139   0.00061
997.64274   0.00043
1005.5563   0.00031

