15.010   0.018915
20.010   0.022963
25.010   0.024536
30.010   0.029133
35.010   0.027142
40.010   0.028179
45.010   0.027386
50.010   0.025669
55.010   0.022624
60.010   0.020410
65.010   0.019007
70.010   0.017970
75.010   0.017083
80.010   0.016742
85.010   0.016158
90.010   0.014490
95.010   0.014571
100.01   0.013150
105.01   0.012548
110.01   0.012024
115.01   0.011226
120.01   0.010496
125.01   0.0099793
130.01   0.0096359
135.01   0.0090597
140.01   0.0089551
145.01   0.0082784
150.01   0.0079546
155.01   0.0076935
160.01   0.0070973
165.01   0.0071501
170.01   0.0067218
175.01   0.0063175
180.01   0.0064272
185.01   0.0058980
190.01   0.0057599
195.01   0.0055361
200.01   0.0053084
205.01   0.0050084
210.01   0.0048780
215.01   0.0048416
220.01   0.0045550
225.01   0.0043020
230.01   0.0042063
235.01   0.0040592
240.01   0.0037349
245.01   0.0037303
250.01   0.0036257
255.01   0.0034818
260.01   0.0033949
265.01   0.0032851
270.01   0.0031703
275.01   0.0030681
280.01   0.0030054
285.01   0.0030171
290.01   0.0027706
295.01   0.0026986
300.01   0.0026430
305.01   0.0025750
310.01   0.0024877
315.01   0.0023970
320.01   0.0023187
325.01   0.0022914
330.01   0.0022843
335.01   0.0021702
340.01   0.0021672
345.01   0.0021629
350.01   0.0019293
355.01   0.0019047
360.01   0.0018491
365.01   0.0017848
370.01   0.0017245
375.01   0.0016626
380.01   0.0016707
385.01   0.0014708
390.01   0.0014452
395.01   0.0014448
400.01   0.0014448
405.01   0.0014463
410.01   0.0014303
415.01   0.0013859
420.01   0.0013327
425.01   0.0012783
430.01   0.0012305
435.01   0.0012056
440.01   0.0012039
445.01   0.0012040
450.01   0.0012040
455.01   0.0012035
460.01   0.0012021
465.01   0.0011809
470.01   0.0011546
475.01   0.0011247
480.01   0.0010927
485.01   0.0010604
490.01   0.0010291
495.01   0.0010006
500.01   0.00097633
505.01   0.00096949
510.01   0.00096247
515.01   0.00093932
520.01   0.00091006
525.01   0.00087673
530.01   0.00084142
535.01   0.00080619
540.01   0.00077312
545.01   0.00074427
550.01   0.00070556
555.01   0.00072403
560.01   0.00071885
565.01   0.00071385
570.01   0.00070862
575.01   0.00070316
580.01   0.00069747
585.01   0.00069158
590.01   0.00068547
595.01   0.00067917
600.01   0.00067268
605.01   0.00066601
610.01   0.00065916
615.01   0.00065214
620.01   0.00064496
625.01   0.00063763
630.01   0.00063016
635.01   0.00062255
640.01   0.00061481
645.01   0.00060695
650.01   0.00059897
655.01   0.00059089
660.01   0.00058271
665.01   0.00057444
670.01   0.00056609
675.01   0.00055766
680.01   0.00054917
685.01   0.00054061
690.01   0.00053201
695.01   0.00052335
700.01   0.00051466
705.01   0.00050595
710.01   0.00049721
715.01   0.00048845
720.01   0.00047970
725.01   0.00047094
730.01   0.00046219
735.01   0.00045346
740.01   0.00044475
745.01   0.00043608
750.01   0.00042745
755.01   0.00041886
760.01   0.00041033
765.01   0.00040186
770.01   0.00039347
775.01   0.00038515
780.01   0.00037692
785.01   0.00036878
790.01   0.00036074
795.01   0.00035282
800.01   0.00034501
805.01   0.00033732
810.01   0.00032977
815.01   0.00032236
820.01   0.00031509
825.01   0.00030798
830.01   0.00030103
835.01   0.00029426
840.01   0.00028766
845.01   0.00028125
850.01   0.00027503
855.01   0.00026902
860.01   0.00026321
865.01   0.00025762
870.01   0.00025226
875.01   0.00024713
880.01   0.00024223
885.01   0.00023861
890.01   0.00024079
