13.66845   0.05682
15.01923   0.06057
16.50350   0.06334
18.13446   0.06624
19.92659   0.07106
21.89583   0.07479
24.05968   0.07722
26.43737   0.08075
29.05004   0.08719
31.92090   0.08499
35.07547   0.08553
38.54180   0.08553
42.35068   0.08284
46.53597   0.07771
51.13488   0.06752
56.18827   0.06135
61.74106   0.05646
67.84260   0.05196
74.54713   0.04782
81.91422   0.04372
90.00937   0.04050
98.90452   0.03751
108.67874   0.03365
119.41888   0.02942
131.22042   0.02606
144.18824   0.02352
158.43760   0.02083
174.09515   0.01787
191.30006   0.01583
210.20523   0.01349
230.97870   0.01157
253.80511   0.00986
278.88732   0.00846
306.44828   0.00703
336.73295   0.00592
370.01049   0.00488
406.57667   0.00401
446.75649   0.00335
490.90708   0.00271
539.42083   0.00224
592.72894   0.00179
651.30521   0.00145
715.67026   0.00117
786.39617   0.00093
864.11155   0.00074
927.39793   0.00056
956.99337   0.00039
962.01697   0.00013
964.53864   0.00022
