0.018784		0.0000014753
0.037567		0.0000058897
0.056351		0.0000132260
0.075135		0.0000234670
0.093919		0.0000365950
0.112700		0.0000525940
0.131490		0.0000714460
0.150270		0.0000931350
0.169050		0.0001176400
0.187840		0.0001449500
0.206620		0.0001750500
0.225400		0.0002079100
0.244190		0.0002435300
0.262970		0.0002818800
0.281760		0.0003229400
0.300540		0.0003667100
0.319320		0.0004131600
0.338110		0.0004622900
0.356890		0.0005140600
0.375670		0.0005684600
0.394460		0.0006254900
0.413240		0.0006851100
0.432030		0.0007473200
0.450810		0.0008120900
0.469590		0.0008794200
0.488380		0.0009492900
0.507160		0.0010217000
0.525940		0.0010966000
0.544730		0.0011739000
0.563510		0.0012538000
0.582300		0.0013361000
0.601080		0.0014208000
0.619860		0.0015079000
0.638650		0.0015975000
0.657430		0.0016894000
0.676210		0.0017837000
0.695000		0.0018804000
0.713780		0.0019794000
0.732570		0.0020808000
0.751350		0.0021844000
0.770130		0.0022904000
0.788920		0.0023986000
0.807700		0.0025090000
0.826480		0.0026218000
0.845270		0.0027367000
0.864050		0.0028539000
0.882840		0.0029732000
0.901620		0.0030948000
0.920400		0.0032185000
0.939190		0.0033443000
0.957970		0.0034723000
0.976750		0.0036024000
0.995540		0.0037346000
1.014300		0.0038690000
1.033100		0.0040053000
1.051900		0.0041438000
1.070700		0.0042842000
1.089500		0.0044267000
1.108200		0.0045712000
1.127000		0.0047177000
1.145800		0.0048662000
1.164600		0.0050167000
1.183400		0.0051691000
1.202200		0.0053234000
1.220900		0.0054797000
1.239700		0.0056378000
1.258500		0.0057979000
1.277300		0.0059598000
1.296100		0.0061236000
1.314900		0.0062892000
1.333600		0.0064567000
1.352400		0.0066260000
1.371200		0.0067971000
1.390000		0.0069699000
1.408800		0.0071445000
1.427600		0.0073209000
1.446300		0.0074991000
1.465100		0.0076789000
1.483900		0.0078605000
1.502700		0.0080437000
1.521500		0.0082287000
1.540300		0.0084153000
1.559000		0.0086035000
1.577800		0.0087934000
1.596600		0.0089850000
1.615400		0.0091781000
1.634200		0.0093728000
1.653000		0.0095691000
1.671800		0.0097670000
1.690500		0.0099665000
1.709300		0.0101670000
1.728100		0.0103700000
1.746900		0.0105740000
1.765700		0.0107790000
1.784500		0.0109860000
1.803200		0.0111950000
1.822000		0.0114050000
1.840800		0.0116160000
1.859600		0.0118290000
1.878400		0.0120430000
1.897200		0.0122590000
1.915900		0.0124760000
1.934700		0.0126940000
1.953500		0.0129140000
1.972300		0.0131350000
1.991100		0.0133570000
2.009900		0.0135810000
2.028600		0.0138060000
2.047400		0.0140320000
2.066200		0.0142590000
2.085000		0.0144880000
2.103800		0.0147180000
2.122600		0.0149490000
2.141300		0.0151820000
2.160100		0.0154160000
2.178900		0.0156500000
2.197700		0.0158860000
2.216500		0.0161240000
2.235300		0.0163620000
2.254000		0.0166020000
2.272800		0.0168420000
2.291600		0.0170840000
2.310400		0.0173270000
2.329200		0.0175710000
2.348000		0.0178160000
2.366800		0.0180620000
2.385500		0.0183090000
2.404300		0.0185570000
2.423100		0.0188060000
2.441900		0.0190560000
2.460700		0.0193080000
2.479500		0.0195600000
2.498200		0.0198130000
2.517000		0.0200670000
2.535800		0.0203220000
2.554600		0.0205780000
2.573400		0.0208350000
2.592200		0.0210930000
2.610900		0.0213510000
2.629700		0.0216110000
2.648500		0.0218710000
2.667300		0.0221330000
2.686100		0.0223950000
2.704900		0.0226580000
2.723600		0.0229210000
2.742400		0.0231860000
2.761200		0.0234510000
2.780000		0.0237180000
2.798800		0.0239840000
2.817600		0.0242520000
2.836300		0.0245210000
2.855100		0.0247900000
2.873900		0.0250600000
2.892700		0.0253300000
2.911500		0.0256010000
2.930300		0.0258730000
2.949000		0.0261460000
2.967800		0.0264190000
2.986600		0.0266930000
3.005400		0.0269680000
3.024200		0.0272430000
3.043000		0.0275190000
3.061700		0.0277950000
3.080500		0.0280720000
3.099300		0.0283500000
3.118100		0.0286280000
3.136900		0.0289060000
3.155700		0.0291860000
3.174500		0.0294650000
3.193200		0.0297460000
3.212000		0.0300260000
3.230800		0.0303080000
3.249600		0.0305890000
3.268400		0.0308720000
3.287200		0.0311540000
3.305900		0.0314380000
3.324700		0.0317210000
3.343500		0.0320050000
3.362300		0.0322890000
3.381100		0.0325740000
3.399900		0.0328590000
3.418600		0.0331450000
3.437400		0.0334310000
3.456200		0.0337170000
3.475000		0.0340040000
3.493800		0.0342910000
3.512600		0.0345780000
3.531300		0.0348660000
3.550100		0.0351540000
3.568900		0.0354420000
3.587700		0.0357310000
3.606500		0.0360190000
3.625300		0.0363080000
3.644000		0.0365980000
3.662800		0.0368870000
3.681600		0.0371770000
3.700400		0.0374670000
3.719200		0.0377570000
3.738000		0.0380470000
3.756700		0.0383380000
3.775500		0.0386290000
3.794300		0.0389200000
3.813100		0.0392110000
3.831900		0.0395020000
3.850700		0.0397930000
3.869400		0.0400850000
3.888200		0.0403760000
3.907000		0.0406680000
3.925800		0.0409600000
3.944600		0.0412510000
3.963400		0.0415430000
3.982200		0.0418350000
4.000900		0.0421270000
4.019700		0.0424190000
4.038500		0.0427110000
4.057300		0.0430040000
4.076100		0.0432960000
4.094900		0.0435880000
4.113600		0.0438800000
4.132400		0.0441720000
4.151200		0.0444640000
4.170000		0.0447560000
4.188800		0.0450480000
4.207600		0.0453400000
4.226300		0.0456320000
4.245100		0.0459230000
4.263900		0.0462150000
4.282700		0.0465070000
4.301500		0.0467980000
4.320300		0.0470890000
4.339000		0.0473810000
4.357800		0.0476720000
4.376600		0.0479630000
4.395400		0.0482530000
4.414200		0.0485440000
4.433000		0.0488340000
4.451700		0.0491250000
4.470500		0.0494150000
4.489300		0.0497050000
4.508100		0.0499940000
4.526900		0.0502840000
4.545700		0.0505730000
4.564400		0.0508620000
4.583200		0.0511510000
4.602000		0.0514390000
4.620800		0.0517270000
4.639600		0.0520150000
4.658400		0.0523030000
4.677100		0.0525900000
4.695900		0.0528770000
4.714700		0.0531640000
4.733500		0.0534500000
4.752300		0.0537360000
4.771100		0.0540220000
4.789900		0.0543070000
4.808600		0.0545920000
4.827400		0.0548770000
4.846200		0.0551610000
4.865000		0.0554450000
4.883800		0.0557290000
4.902600		0.0560120000
4.921300		0.0562950000
4.940100		0.0565770000
4.958900		0.0568590000
4.977700		0.0571400000
4.996500		0.0574210000
5.015300		0.0577020000
5.034000		0.0579820000
5.052800		0.0582620000
5.071600		0.0585410000
5.090400		0.0588190000
5.109200		0.0590980000
5.128000		0.0593750000
5.146700		0.0596530000
5.165500		0.0599290000
5.184300		0.0602050000
5.203100		0.0604810000
5.221900		0.0607560000
5.240700		0.0610310000
5.259400		0.0613050000
5.278200		0.0615780000
5.297000		0.0618510000
5.315800		0.0621230000
5.334600		0.0623950000
5.353400		0.0626660000
5.372100		0.0629360000
5.390900		0.0632060000
5.409700		0.0634760000
5.428500		0.0637440000
5.447300		0.0640120000
5.466100		0.0642800000
5.484800		0.0645460000
5.503600		0.0648120000
5.522400		0.0650780000
5.541200		0.0653430000
5.560000		0.0656070000
5.578800		0.0658700000
5.597600		0.0661330000
5.616300		0.0663950000
5.635100		0.0666560000
5.653900		0.0669170000
5.672700		0.0671760000
5.691500		0.0674360000
5.710300		0.0676940000
5.729000		0.0679520000
5.747800		0.0682090000
5.766600		0.0684650000
5.785400		0.0687200000
5.804200		0.0689750000
5.823000		0.0692290000
5.841700		0.0694820000
5.860500		0.0697340000
5.879300		0.0699850000
5.898100		0.0702360000
5.916900		0.0704860000
5.935700		0.0707350000
5.954400		0.0709830000
5.973200		0.0712310000
5.992000		0.0714770000
6.010800		0.0717230000
6.029600		0.0719680000
6.048400		0.0722120000
6.067100		0.0724550000
6.085900		0.0726970000
6.104700		0.0729390000
6.123500		0.0731790000
6.142300		0.0734190000
6.161100		0.0736580000
6.179800		0.0738950000
6.198600		0.0741320000
6.217400		0.0743680000
6.236200		0.0746030000
6.255000		0.0748380000
6.273800		0.0750710000
6.292600		0.0753030000
6.311300		0.0755350000
6.330100		0.0757650000
6.348900		0.0759940000
6.367700		0.0762230000
6.386500		0.0764500000
6.405300		0.0766770000
6.424000		0.0769030000
6.442800		0.0771270000
6.461600		0.0773510000
6.480400		0.0775740000
6.499200		0.0777950000
6.518000		0.0780160000
6.536700		0.0782350000
6.555500		0.0784540000
6.574300		0.0786710000
6.593100		0.0788880000
6.611900		0.0791030000
6.630700		0.0793180000
6.649400		0.0795310000
6.668200		0.0797440000
6.687000		0.0799550000
6.705800		0.0801650000
6.724600		0.0803740000
6.743400		0.0805820000
6.762100		0.0807890000
6.780900		0.0809950000
6.799700		0.0812000000
6.818500		0.0814040000
6.837300		0.0816070000
6.856100		0.0818080000
6.874800		0.0820090000
6.893600		0.0822080000
6.912400		0.0824060000
6.931200		0.0826030000
6.950000		0.0827990000
6.968800		0.0829940000
6.987500		0.0831880000
7.006300		0.0833800000
7.025100		0.0835720000
7.043900		0.0837620000
7.062700		0.0839510000
7.081500		0.0841390000
7.100300		0.0843260000
7.119000		0.0845110000
7.137800		0.0846960000
7.156600		0.0848790000
7.175400		0.0850610000
7.194200		0.0852420000
7.213000		0.0854210000
7.231700		0.0856000000
7.250500		0.0857770000
7.269300		0.0859530000
7.288100		0.0861280000
7.306900		0.0863020000
7.325700		0.0864740000
7.344400		0.0866450000
7.363200		0.0868150000
7.382000		0.0869840000
7.400800		0.0871510000
7.419600		0.0873180000
7.438400		0.0874830000
7.457100		0.0876470000
7.475900		0.0878090000
7.494700		0.0879700000
7.513500		0.0881300000
7.532300		0.0882890000
7.551100		0.0884470000
7.569800		0.0886030000
7.588600		0.0887580000
7.607400		0.0889110000
7.626200		0.0890640000
7.645000		0.0892150000
7.663800		0.0893650000
7.682500		0.0895130000
7.701300		0.0896600000
7.720100		0.0898060000
7.738900		0.0899510000
7.757700		0.0900940000
7.776500		0.0902360000
7.795200		0.0903770000
7.814000		0.0905160000
7.832800		0.0906540000
7.851600		0.0907910000
7.870400		0.0909260000
7.889200		0.0910600000
7.908000		0.0911930000
7.926700		0.0913250000
7.945500		0.0914550000
7.964300		0.0915830000
7.983100		0.0917110000
8.001900		0.0918370000
8.020700		0.0919610000
8.039400		0.0920850000
8.058200		0.0922070000
8.077000		0.0923270000
8.095800		0.0924470000
8.114600		0.0925650000
8.133400		0.0926810000
8.152100		0.0927960000
8.170900		0.0929100000
8.189700		0.0930220000
8.208500		0.0931330000
8.227300		0.0932430000
8.246100		0.0933510000
8.264800		0.0934580000
8.283600		0.0935640000
8.302400		0.0936680000
8.321200		0.0937700000
8.340000		0.0938720000
8.358800		0.0939720000
8.377500		0.0940700000
8.396300		0.0941670000
8.415100		0.0942630000
8.433900		0.0943570000
8.452700		0.0944500000
8.471500		0.0945410000
8.490200		0.0946320000
8.509000		0.0947200000
8.527800		0.0948070000
8.546600		0.0948930000
8.565400		0.0949780000
8.584200		0.0950600000
8.602900		0.0951420000
8.621700		0.0952220000
8.640500		0.0953010000
8.659300		0.0953780000
8.678100		0.0954540000
8.696900		0.0955280000
8.715700		0.0956010000
8.734400		0.0956720000
8.753200		0.0957420000
8.772000		0.0958110000
8.790800		0.0958780000
8.809600		0.0959440000
8.828400		0.0960080000
8.847100		0.0960710000
8.865900		0.0961320000
8.884700		0.0961920000
8.903500		0.0962510000
8.922300		0.0963080000
8.941100		0.0963630000
8.959800		0.0964180000
8.978600		0.0964700000
8.997400		0.0965210000
9.016200		0.0965710000
9.035000		0.0966190000
9.053800		0.0966660000
9.072500		0.0967110000
9.091300		0.0967550000
9.110100		0.0967980000
9.128900		0.0968390000
9.147700		0.0968780000
9.166500		0.0969160000
9.185200		0.0969530000
9.204000		0.0969880000
9.222800		0.0970210000
9.241600		0.0970540000
9.260400		0.0970840000
9.279200		0.0971130000
9.297900		0.0971410000
9.316700		0.0971670000
9.335500		0.0971920000
9.354300		0.0972150000
9.373100		0.0972370000
9.391900		0.0972580000
9.410600		0.0972760000
9.429400		0.0972940000
9.448200		0.0973100000
9.467000		0.0973240000
9.485800		0.0973370000
9.504600		0.0973490000
9.523400		0.0973590000
9.542100		0.0973670000
9.560900		0.0973740000
9.579700		0.0973800000
9.598500		0.0973840000
9.617300		0.0973860000
9.636100		0.0973870000
9.654800		0.0973870000
9.673600		0.0973850000
9.692400		0.0973820000
9.711200		0.0973770000
9.730000		0.0973710000
9.748800		0.0973630000
9.767500		0.0973540000
9.786300		0.0973430000
9.805100		0.0973310000
9.823900		0.0973170000
9.842700		0.0973020000
9.861500		0.0972850000
9.880200		0.0972670000
9.899000		0.0972480000
9.917800		0.0972270000
9.936600		0.0972040000
9.955400		0.0971800000
9.974200		0.0971540000
9.992900		0.0971280000
10.012000		0.0970990000
10.031000		0.0970690000
10.049000		0.0970380000
10.068000		0.0970050000
10.087000		0.0969710000
10.106000		0.0969350000
10.124000		0.0968970000
10.143000		0.0968590000
10.162000		0.0968180000
10.181000		0.0967770000
10.200000		0.0967340000
10.218000		0.0966890000
10.237000		0.0966430000
10.256000		0.0965950000
10.275000		0.0965460000
10.293000		0.0964960000
10.312000		0.0964440000
10.331000		0.0963910000
10.350000		0.0963360000
10.369000		0.0962790000
10.387000		0.0962220000
10.406000		0.0961620000
10.425000		0.0961020000
10.444000		0.0960400000
10.463000		0.0959760000
10.481000		0.0959110000
10.500000		0.0958450000
10.519000		0.0957770000
10.538000		0.0957070000
10.556000		0.0956370000
10.575000		0.0955640000
10.594000		0.0954910000
10.613000		0.0954160000
10.632000		0.0953390000
10.650000		0.0952610000
10.669000		0.0951820000
10.688000		0.0951010000
10.707000		0.0950190000
10.726000		0.0949350000
10.744000		0.0948500000
10.763000		0.0947630000
10.782000		0.0946750000
10.801000		0.0945860000
10.819000		0.0944950000
10.838000		0.0944030000
10.857000		0.0943090000
10.876000		0.0942140000
10.895000		0.0941180000
10.913000		0.0940200000
10.932000		0.0939210000
10.951000		0.0938200000
10.970000		0.0937180000
10.988000		0.0936150000
11.007000		0.0935100000
11.026000		0.0934030000
11.045000		0.0932960000
11.064000		0.0931870000
11.082000		0.0930760000
11.101000		0.0929650000
11.120000		0.0928510000
11.139000		0.0927370000
11.158000		0.0926210000
11.176000		0.0925040000
11.195000		0.0923850000
11.214000		0.0922650000
11.233000		0.0921440000
11.251000		0.0920210000
11.270000		0.0918970000
11.289000		0.0917710000
11.308000		0.0916450000
11.327000		0.0915160000
11.345000		0.0913870000
11.364000		0.0912560000
11.383000		0.0911240000
11.402000		0.0909900000
11.421000		0.0908560000
11.439000		0.0907190000
11.458000		0.0905820000
11.477000		0.0904430000
11.496000		0.0903030000
11.514000		0.0901610000
11.533000		0.0900190000
11.552000		0.0898750000
11.571000		0.0897290000
11.590000		0.0895820000
11.608000		0.0894350000
11.627000		0.0892850000
11.646000		0.0891350000
11.665000		0.0889830000
11.683000		0.0888300000
11.702000		0.0886750000
11.721000		0.0885190000
11.740000		0.0883620000
11.759000		0.0882040000
11.777000		0.0880440000
11.796000		0.0878840000
11.815000		0.0877220000
11.834000		0.0875580000
11.853000		0.0873940000
11.871000		0.0872280000
11.890000		0.0870610000
11.909000		0.0868930000
11.928000		0.0867230000
11.946000		0.0865520000
11.965000		0.0863800000
11.984000		0.0862070000
12.003000		0.0860330000
12.022000		0.0858570000
12.040000		0.0856800000
12.059000		0.0855020000
12.078000		0.0853230000
12.097000		0.0851420000
12.116000		0.0849600000
12.134000		0.0847780000
12.153000		0.0845930000
12.172000		0.0844080000
12.191000		0.0842220000
12.209000		0.0840340000
12.228000		0.0838460000
12.247000		0.0836560000
12.266000		0.0834640000
12.285000		0.0832720000
12.303000		0.0830790000
12.322000		0.0828840000
12.341000		0.0826890000
12.360000		0.0824920000
12.378000		0.0822940000
12.397000		0.0820950000
12.416000		0.0818950000
12.435000		0.0816940000
12.454000		0.0814910000
12.472000		0.0812880000
12.491000		0.0810830000
12.510000		0.0808770000
12.529000		0.0806710000
12.548000		0.0804630000
12.566000		0.0802540000
12.585000		0.0800440000
12.604000		0.0798330000
12.623000		0.0796210000
12.641000		0.0794070000
12.660000		0.0791930000
12.679000		0.0789780000
12.698000		0.0787610000
12.717000		0.0785440000
12.735000		0.0783260000
12.754000		0.0781060000
12.773000		0.0778860000
12.792000		0.0776640000
12.811000		0.0774420000
12.829000		0.0772180000
12.848000		0.0769940000
12.867000		0.0767680000
12.886000		0.0765420000
12.904000		0.0763140000
12.923000		0.0760860000
12.942000		0.0758560000
12.961000		0.0756260000
12.980000		0.0753950000
12.998000		0.0751630000
13.017000		0.0749290000
13.036000		0.0746950000
13.055000		0.0744600000
13.073000		0.0742240000
13.092000		0.0739870000
13.111000		0.0737490000
13.130000		0.0735110000
13.149000		0.0732710000
13.167000		0.0730300000
13.186000		0.0727890000
13.205000		0.0725470000
13.224000		0.0723030000
13.243000		0.0720590000
13.261000		0.0718140000
13.280000		0.0715690000
13.299000		0.0713220000
13.318000		0.0710750000
13.336000		0.0708260000
13.355000		0.0705770000
13.374000		0.0703270000
13.393000		0.0700760000
13.412000		0.0698250000
13.430000		0.0695720000
13.449000		0.0693190000
13.468000		0.0690650000
13.487000		0.0688100000
13.506000		0.0685550000
13.524000		0.0682980000
13.543000		0.0680410000
13.562000		0.0677830000
13.581000		0.0675250000
13.599000		0.0672650000
13.618000		0.0670050000
13.637000		0.0667450000
13.656000		0.0664830000
13.675000		0.0662210000
13.693000		0.0659580000
13.712000		0.0656940000
13.731000		0.0654300000
13.750000		0.0651650000
13.768000		0.0648990000
13.787000		0.0646330000
13.806000		0.0643660000
13.825000		0.0640980000
13.844000		0.0638300000
13.862000		0.0635610000
13.881000		0.0632910000
13.900000		0.0630210000
13.919000		0.0627500000
13.938000		0.0624780000
13.956000		0.0622060000
13.975000		0.0619340000
13.994000		0.0616600000
14.013000		0.0613860000
14.031000		0.0611120000
14.050000		0.0608370000
14.069000		0.0605620000
14.088000		0.0602850000
14.107000		0.0600090000
14.125000		0.0597320000
14.144000		0.0594540000
14.163000		0.0591760000
14.182000		0.0588970000
14.201000		0.0586180000
14.219000		0.0583380000
14.238000		0.0580580000
14.257000		0.0577770000
14.276000		0.0574960000
14.294000		0.0572150000
14.313000		0.0569320000
14.332000		0.0566500000
14.351000		0.0563670000
14.370000		0.0560840000
14.388000		0.0558000000
14.407000		0.0555160000
14.426000		0.0552310000
14.445000		0.0549460000
14.463000		0.0546610000
14.482000		0.0543750000
14.501000		0.0540890000
14.520000		0.0538030000
14.539000		0.0535160000
14.557000		0.0532290000
14.576000		0.0529410000
14.595000		0.0526530000
14.614000		0.0523650000
14.633000		0.0520770000
14.651000		0.0517880000
14.670000		0.0514990000
14.689000		0.0512100000
14.708000		0.0509200000
14.726000		0.0506310000
14.745000		0.0503410000
14.764000		0.0500500000
14.783000		0.0497600000
14.802000		0.0494690000
14.820000		0.0491780000
14.839000		0.0488870000
14.858000		0.0485960000
14.877000		0.0483040000
14.895000		0.0480120000
14.914000		0.0477200000
14.933000		0.0474280000
14.952000		0.0471360000
14.971000		0.0468440000
14.989000		0.0465510000
15.008000		0.0462590000
15.027000		0.0459660000
15.046000		0.0456730000
15.065000		0.0453810000
15.083000		0.0450880000
15.102000		0.0447940000
15.121000		0.0445010000
15.140000		0.0442080000
15.158000		0.0439150000
15.177000		0.0436220000
15.196000		0.0433290000
15.215000		0.0430350000
15.234000		0.0427420000
15.252000		0.0424490000
15.271000		0.0421550000
15.290000		0.0418620000
15.309000		0.0415690000
15.328000		0.0412760000
15.346000		0.0409830000
15.365000		0.0406900000
15.384000		0.0403970000
15.403000		0.0401040000
15.421000		0.0398110000
15.440000		0.0395190000
15.459000		0.0392260000
15.478000		0.0389340000
15.497000		0.0386420000
15.515000		0.0383490000
15.534000		0.0380580000
15.553000		0.0377660000
15.572000		0.0374740000
15.590000		0.0371830000
15.609000		0.0368920000
15.628000		0.0366010000
15.647000		0.0363100000
15.666000		0.0360190000
15.684000		0.0357290000
15.703000		0.0354390000
15.722000		0.0351490000
15.741000		0.0348600000
15.760000		0.0345710000
15.778000		0.0342820000
15.797000		0.0339930000
15.816000		0.0337050000
15.835000		0.0334170000
15.853000		0.0331290000
15.872000		0.0328420000
15.891000		0.0325550000
15.910000		0.0322690000
15.929000		0.0319830000
15.947000		0.0316970000
15.966000		0.0314120000
15.985000		0.0311270000
16.004000		0.0308430000
16.023000		0.0305590000
16.041000		0.0302750000
16.060000		0.0299920000
16.079000		0.0297100000
16.098000		0.0294280000
16.116000		0.0291460000
16.135000		0.0288650000
16.154000		0.0285840000
16.173000		0.0283040000
16.192000		0.0280250000
16.210000		0.0277460000
16.229000		0.0274680000
16.248000		0.0271900000
16.267000		0.0269130000
16.285000		0.0266360000
16.304000		0.0263600000
16.323000		0.0260850000
16.342000		0.0258100000
16.361000		0.0255370000
16.379000		0.0252630000
16.398000		0.0249910000
16.417000		0.0247190000
16.436000		0.0244470000
16.455000		0.0241770000
16.473000		0.0239070000
16.492000		0.0236380000
16.511000		0.0233700000
16.530000		0.0231020000
16.548000		0.0228350000
16.567000		0.0225690000
16.586000		0.0223040000
16.605000		0.0220400000
16.624000		0.0217760000
16.642000		0.0215140000
16.661000		0.0212520000
16.680000		0.0209910000
16.699000		0.0207310000
16.718000		0.0204710000
16.736000		0.0202130000
16.755000		0.0199560000
16.774000		0.0196990000
16.793000		0.0194440000
16.811000		0.0191890000
16.830000		0.0189360000
16.849000		0.0186830000
16.868000		0.0184310000
16.887000		0.0181810000
16.905000		0.0179310000
16.924000		0.0176820000
16.943000		0.0174350000
16.962000		0.0171880000
16.980000		0.0169430000
16.999000		0.0166980000
17.018000		0.0164550000
17.037000		0.0162130000
17.056000		0.0159720000
17.074000		0.0157320000
17.093000		0.0154930000
17.112000		0.0152560000
17.131000		0.0150190000
17.150000		0.0147840000
17.168000		0.0145500000
17.187000		0.0143170000
17.206000		0.0140850000
17.225000		0.0138550000
17.243000		0.0136260000
17.262000		0.0133980000
17.281000		0.0131720000
17.300000		0.0129460000
17.319000		0.0127220000
17.337000		0.0125000000
17.356000		0.0122780000
17.375000		0.0120580000
17.394000		0.0118400000
17.413000		0.0116220000
17.431000		0.0114070000
17.450000		0.0111920000
17.469000		0.0109790000
17.488000		0.0107680000
17.506000		0.0105570000
17.525000		0.0103490000
17.544000		0.0101410000
17.563000		0.0099356000
17.582000		0.0097314000
17.600000		0.0095286000
17.619000		0.0093274000
17.638000		0.0091277000
17.657000		0.0089296000
17.675000		0.0087330000
17.694000		0.0085380000
17.713000		0.0083446000
17.732000		0.0081528000
17.751000		0.0079626000
17.769000		0.0077741000
17.788000		0.0075872000
17.807000		0.0074020000
17.826000		0.0072184000
17.845000		0.0070366000
17.863000		0.0068564000
17.882000		0.0066780000
17.901000		0.0065012000
17.920000		0.0063263000
17.938000		0.0061530000
17.957000		0.0059816000
17.976000		0.0058119000
17.995000		0.0056440000
18.014000		0.0054780000
18.032000		0.0053137000
18.051000		0.0051513000
18.070000		0.0049907000
18.089000		0.0048320000
18.108000		0.0046752000
18.126000		0.0045202000
18.145000		0.0043671000
18.164000		0.0042160000
18.183000		0.0040667000
18.201000		0.0039193000
18.220000		0.0037739000
18.239000		0.0036304000
18.258000		0.0034889000
18.277000		0.0033493000
18.295000		0.0032117000
18.314000		0.0030760000
18.333000		0.0029423000
18.352000		0.0028106000
18.370000		0.0026808000
18.389000		0.0025530000
18.408000		0.0024271000
18.427000		0.0023032000
18.446000		0.0021812000
18.464000		0.0020610000
18.483000		0.0019428000
18.502000		0.0018264000
18.521000		0.0017119000
18.540000		0.0015990000
18.558000		0.0014878000
18.577000		0.0013781000
18.596000		0.0012699000
18.615000		0.0011629000
18.633000		0.0010568000
18.652000		0.0009513500
18.671000		0.0008459900
18.690000		0.0007399500
18.709000		0.0006319600
18.727000		0.0005198300
18.746000		0.0003990100
18.765000		0.0002573900
18.784000		0.0000000000
