0.10474   0.14509
0.11264   0.17734
0.12764   0.22200
0.13910   0.25784
0.15641   0.31475
0.17357   0.39425
0.19390   0.47833
0.21491   0.57315
0.23663   0.70903
0.26472   0.83337
0.29530   1.04370
0.32352   1.19672
0.35803   1.55722
0.39344   1.55297
0.44812   2.04486
0.50248   2.62632
0.65221   3.81288
0.72020   4.31587
0.80365   4.88372
0.91572   5.62899
1.00595   6.25246
1.10484   7.44661
1.27911   8.00115
1.51195   9.13093
1.75515   9.58879
1.88313   10.72592
2.22152   9.89274
2.87922   9.81866
3.44936   10.01822
3.67429   9.03535
4.10160   9.00658
4.72643   8.00236
5.40423   6.93365
6.03537   5.97378
6.70525   5.08271
7.33318   4.35405
8.14726   3.68117
9.10064   2.95792
10.05773   2.53310
11.17554   2.06170
12.29190   1.51661
13.30439   1.25108
15.10356   0.86299
17.05578   0.60297
19.05814   0.43225
21.75812   0.25931
24.31439   0.18124
26.12209   0.13007
28.72822   0.09939
31.87990   0.05191
34.89449   0.03364
38.89356   0.02322
42.14163   0.01347
44.79645   0.01014
49.45727   0.00508
54.02261   0.00273
60.68257   0.00126
66.02605   0.00067
71.56444   0.00035
76.12700   0.00021
80.74712   0.00013
83.40158   0.00010
