1.0000   0.19236
2.0000   0.54570
3.0000   0.89563
4.0000   0.95491
5.0000   0.96725
6.0000   0.97366
7.0000   0.97574
8.0000   0.97511
9.0000   0.97183
10.000   0.89819
11.000   0.87659
12.000   0.77717
13.000   0.67945
14.000   0.62073
15.000   0.56670
16.000   0.50055
17.000   0.43842
18.000   0.37979
19.000   0.34576
20.000   0.29592
21.000   0.24345
22.000   0.22746
23.000   0.19699
24.000   0.17412
25.000   0.15290
26.000   0.13514
27.000   0.12168
28.000   0.10526
29.000   0.095895
30.000   0.080258
31.000   0.070147
32.000   0.063423
33.000   0.053716
34.000   0.049217
35.000   0.043460
36.000   0.037653
37.000   0.034703
38.000   0.026828
39.000   0.024372
40.000   0.023076
41.000   0.019961
42.000   0.018875
43.000   0.015444
44.000   0.012918
45.000   0.012269
46.000   0.011069
47.000   0.0094011
48.000   0.0083403
49.000   0.0073572
50.000   0.0066310
51.000   0.0057200
52.000   0.0050415
53.000   0.0045668
54.000   0.0039977
55.000   0.0036066
56.000   0.0030742
57.000   0.0026265
58.000   0.0024661
59.000   0.0021853
60.000   0.0019079
61.000   0.0016155
62.000   0.0015428
63.000   0.0013040
64.000   0.0011920
65.000   0.0010630
66.000   0.00092898
67.000   0.00091991
68.000   0.00073387
69.000   0.00060339
70.000   0.00061366
71.000   0.00060840
72.000   0.00047330
73.000   0.00038684
74.000   0.00042838
75.000   0.00037259
76.000   0.00031575
77.000   0.00025754
78.000   0.00021095
79.000   0.00020684
