0.10260   0.15000
0.11645   0.20227
0.12953   0.23398
0.14247   0.31097
0.15852   0.34630
0.18039   0.46115
0.20960   0.63063
0.24922   0.93180
0.27730   1.03767
0.30911   1.31192
0.34825   1.61812
0.38232   1.89424
0.43527   2.33777
0.49035   2.92018
0.54245   3.55259
0.59553   4.15883
0.66959   4.63418
0.75044   5.71404
0.82641   6.20025
0.92890   7.26822
1.02760   8.84229
1.22967   10.80634
1.45021   10.91018
1.74934   13.00574
2.16279   13.00081
2.43103   15.24015
2.69403   13.85240
3.38401   13.51285
3.99363   12.17196
4.62783   10.81455
5.18287   9.71189
5.83496   8.72430
6.76464   7.18376
7.52126   5.82659
8.49620   4.61173
9.24436   4.18734
10.49908   3.23229
11.92954   2.31236
12.91909   1.92074
14.44717   1.42604
16.58836   1.02080
18.55889   0.70239
21.22232   0.41561
23.73971   0.29332
25.52325   0.22005
28.09725   0.16322
31.44135   0.08348
34.42044   0.05481
38.09644   0.03965
41.43854   0.02445
44.93210   0.01648
48.78957   0.00876
53.38991   0.00474
59.19953   0.00253
63.92065   0.00144
68.98162   0.00089
72.86698   0.00060
77.31955   0.00029
82.54071   0.00019
